学籍番号:1203033123
氏名:西田裕一
シンプソン則積分による円周率(1)の推定
   N       T         真値との誤差
   4 3.083595154947 0.057997498643
   8 3.121189169775 0.020403483814
  16 3.134397668985 0.007194984605
  32 3.139052217894 0.002540435696
  64 3.140695076081 0.000897577509
 128 3.141275418936 0.000317234654
 256 3.141480513144 0.000112140446
 512 3.141553009307 0.000039644283
1024 3.141578637812 0.000014015778
2048 3.141587698369 0.000004955221
4096 3.141590901673 0.000001751917
===========================
シンプソン則積分による円周率(2)の推定
   N       T         真値との誤差
   4 3.141545432163 0.000047221427
   8 3.141589571117 0.000003082473
  16 3.141592458621 0.000000194969
  32 3.141592641367 0.000000012223
  64 3.141592652825 0.000000000765
 128 3.141592653542 0.000000000048
 256 3.141592653587 0.000000000003
 512 3.141592653590 0.000000000000
1024 3.141592653590 0.000000000000
===========================
台形則積分による円周率(3)の推定
   N       T         真値との誤差
   4 3.141568627451 0.000024026139
   8 3.141592502459 0.000000151131
  16 3.141592651225 0.000000002365
  32 3.141592653553 0.000000000037
  64 3.141592653589 0.000000000001
 128 3.141592653590 0.000000000000
 256 3.141592653590 0.000000000000
 512 3.141592653590 0.000000000000
1024 3.141592653590 0.000000000000
2048 3.141592653590 0.000000000000
4096 3.141592653590 0.000000000000
===========================