氏名:西田裕一
台形則積分による円周率(1)の推定
   N       T         真値との誤差
   2 2.732050807569 0.409541846021
   4 2.995709068102 0.145883585487
   8 3.089819144357 0.051773509233
  16 3.123253037828 0.018339615762
  32 3.135102422877 0.006490230713
  64 3.139296912780 0.002295740810
 128 3.140780792397 0.000811861193
 256 3.141305582957 0.000287070633
 512 3.141491152720 0.000101500870
1024 3.141556766539 0.000035887051
===========================
台形則積分による円周率(2)の推定
   N       T         真値との誤差
   2 3.105699403979 0.035893249611
   4 3.132583925117 0.009008728473
   8 3.139338159617 0.002254493973
  16 3.141028883870 0.000563769720
  32 3.141451701993 0.000140951597
  64 3.141557415117 0.000035238473
 128 3.141583843936 0.000008809654
 256 3.141590451174 0.000002202416
 512 3.141592102986 0.000000550604
1024 3.141592515939 0.000000137651
2048 3.141592619177 0.000000034413
===========================
台形則積分による円周率(3)の推定
   N       T         真値との誤差
   2 3.100000000000 0.041592653590
   4 3.131176470588 0.010416183002
   8 3.138988494491 0.002604159099
  16 3.140941612041 0.000651041548
  32 3.141429893175 0.000162760415
  64 3.141551963486 0.000040690104
 128 3.141582481064 0.000010172526
 256 3.141590110458 0.000002543132
 512 3.141592017807 0.000000635783
1024 3.141592494644 0.000000158946
===========================